100
1 2 18
2 21 19
3 1 5
4 15 26
5 3 15
6 84 64
7 147 128
8 22 18
9 153 160
10 120 121
11 90 110
12 45 58
13 120 103
14 190 171
15 160 167
16 100 91
17 57 72
18 1 7
19 130 124
20 167 149
21 79 64
22 70 78
23 36 47
24 167 157
25 107 119
26 7 7
27 115 101
28 137 126
29 173 160
30 37 46
31 184 180
32 55 42
33 61 46
34 97 108
35 99 103
36 179 176
37 53 55
38 164 147
39 73 79
40 189 197
41 1 2
42 105 120
43 60 65
44 25 12
45 98 82
46 167 153
47 150 140
48 60 72
49 53 50
50 9 23
51 143 137
52 11 23
53 24 16
54 81 99
55 168 187
56 179 198
57 196 180
58 58 65
59 91 71
60 113 113
61 74 55
62 77 81
63 22 34
64 3 9
65 128 142
66 200 195
67 123 111
68 35 29
69 100 87
70 36 40
71 163 160
72 123 140
73 117 105
74 17 6
75 46 58
76 135 127
77 145 133
78 9 18
79 77 75
80 19 33
81 202 192
82 130 124
83 152 133
84 101 112
85 76 56
86 92 96
87 62 50
88 128 115
89 114 109
90 154 138
91 76 71
92 98 115
93 196 199
94 6 14
95 146 163
96 131 148
97 21 28
98 192 199
99 158 143
100 62 67
201
