200
1 1 18
2 205 219
3 212 205
4 239 226
5 5 15
6 276 264
7 362 328
8 49 18
9 357 360
10 151 121
11 78 110
12 242 258
13 269 303
14 182 171
15 352 367
16 291 291
17 297 272
18 1 7
19 341 324
20 113 149
21 85 64
22 93 78
23 13 47
24 151 157
25 347 319
26 226 207
27 302 301
28 147 126
29 341 360$
30 33 46
31 156 180
32 261 242
33 38 46
34 134 108
35 124 103
36 159 176
37 251 255
38 180 147
39 111 79
40 229 197
41 1 2
42 107 120
43 80 65
44 43 12
45 299 282
46 137 153
47 132 140
48 62 72
49 23 50
50 201 223
51 169 137
52 22 23
53 38 16
54 290 299
55 153 187
56 395 398
57 197 180
58 263 265
59 257 271
60 115 113
61 57 55
62 100 81
63 228 234
64 8 9
65 102 142
66 202 195
67 75 111
68 14 29
69 48 87
70 70 40
71 372 360
72 117 140
73 97 105
74 1 6
75 77 58
76 134 127
77 140 133
78 200 218
79 267 275
80 254 233
81 403 392
82 150 124
83 336 333
84 348 312
85 77 56
86 103 96
87 271 250
88 79 115
89 336 309
90 358 338
91 101 71
92 277 315
93 195 199
94 202 214
95 374 363
96 382 348
97 220 228
98 410 399
99 336 343
100 235 267
101 172 184
102 37 39
103 313 309
104 142 103
105 124 156
106 64 65
107 118 138
108 153 121
109 59 81
110 385 364
111 209 245
112 122 134
113 73 84
114 101 128
115 435 400
116 78 41
117 207 170
118 247 240
119 240 236
120 407 379
121 287 322
122 76 87
123 345 326
124 81 109
125 261 232
126 298 301
127 311 278
128 298 330
129 280 317
130 299 322
131 183 204
132 35 24
133 294 257
134 136 127
135 327 355
136 58 85
137 229 220
138 46 9
139 368 400
140 140 171
141 176 206
142 368 367
143 181 210
144 82 110
145 319 324
146 1 9
147 214 193
148 74 74
149 17 3
150 135 153
151 316 352
152 177 151
153 25 12
154 335 299
155 361 396
156 250 279
157 389 361
158 80 118
159 225 252
160 63 68
161 215 252
162 235 249
163 83 49
164 163 164
165 138 148
166 63 81
167 274 277
168 163 198
169 317 296
170 393 384
171 47 77
172 320 308
173 256 283
174 27 36
175 125 121
176 30 65
177 177 137
178 279 296
179 105 81
180 1 26
181 140 150
182 52 27
183 203 215
184 313 343
185 343 371
186 7 28
187 118 153
188 62 88
189 345 378
190 317 320
191 180 173
192 17 25
193 24 63
194 257 279
195 237 260
196 226 240
197 245 254
198 247 236
199 322 361
200 220 252
401
